{
  "fl_x": 961.577392578125,
  "fl_y": 961.577392578125,
  "cx": 481.41900634765625,
  "cy": 633.815673828125,
  "w": 960,
  "h": 1280,
  "camera_model": "PINHOLE",
  "frames": [
    {
      "file_path": "images/000000.jpg",
      "transform_matrix": [
        [
          0.1263815015554428,
          0.8096511960029602,
          0.5731428265571594,
          -0.8805450797080994
        ],
        [
          -0.9581454992294312,
          -0.049982499331235886,
          0.2818848192691803,
          0.1598542183637619
        ],
        [
          0.2568754255771637,
          -0.5847793221473694,
          0.7694466710090637,
          -0.0006212826701812446
        ],
        [
          0.0,
          0.0,
          0.0,
          0.9999999403953552
        ]
      ],
      "w": 960,
      "h": 1280,
      "fl_x": 961.577392578125,
      "fl_y": 961.577392578125,
      "cx": 481.41900634765625,
      "cy": 633.815673828125,
      "camera_model": "PINHOLE"
    },
    {
      "file_path": "images/000001.jpg",
      "transform_matrix": [
        [
          0.13680699467658997,
          0.8954054713249207,
          0.42371344566345215,
          -0.8759040832519531
        ],
        [
          -0.9618664979934692,
          0.01780395582318306,
          0.27293992042541504,
          0.17079445719718933
        ],
        [
          0.23684804141521454,
          -0.44489580392837524,
          0.8636960387229919,
          0.02760404348373413
        ],
        [
          0.0,
          0.0,
          0.0,
          1.0
        ]
      ],
      "w": 960,
      "h": 1280,
      "fl_x": 961.11962890625,
      "fl_y": 961.11962890625,
      "cx": 481.3852233886719,
      "cy": 633.738525390625,
      "camera_model": "PINHOLE"
    },
    {
      "file_path": "images/000002.jpg",
      "transform_matrix": [
        [
          0.12731850147247314,
          0.9586504101753235,
          0.25451844930648804,
          -0.8315894603729248
        ],
        [
          -0.9587187767028809,
          0.053163111209869385,
          0.27934253215789795,
          0.12400958687067032
        ],
        [
          0.254260778427124,
          -0.27957701683044434,
          0.9258447289466858,
          -0.03791152685880661
        ],
        [
          0.0,
          0.0,
          0.0,
          1.0
        ]
      ],
      "w": 960,
      "h": 1280,
      "fl_x": 961.1173095703125,
      "fl_y": 961.1173095703125,
      "cx": 481.64031982421875,
      "cy": 633.7374267578125,
      "camera_model": "PINHOLE"
    },
    {
      "file_path": "images/000003.jpg",
      "transform_matrix": [
        [
          0.09974505007266998,
          0.9913347959518433,
          0.08547764271497726,
          -0.5976096391677856
        ],
        [
          -0.9609386920928955,
          0.07368429005146027,
          0.2667725086212158,
          0.03565885126590729
        ],
        [
          0.2581624686717987,
          -0.10874797403812408,
          0.959961473941803,
          -0.053980451077222824
        ],
        [
          0.0,
          0.0,
          0.0,
          1.0
        ]
      ],
      "w": 960,
      "h": 1280,
      "fl_x": 962.861083984375,
      "fl_y": 962.861083984375,
      "cx": 481.7915954589844,
      "cy": 633.742431640625,
      "camera_model": "PINHOLE"
    },
    {
      "file_path": "images/000004.jpg",
      "transform_matrix": [
        [
          0.06295565515756607,
          0.9944155812263489,
          -0.08470119535923004,
          -0.20498935878276825
        ],
        [
          -0.9533730745315552,
          0.08502200990915298,
          0.28957071900367737,
          -0.06477110832929611
        ],
        [
          0.29515501856803894,
          0.06252170354127884,
          0.9534015655517578,
          -0.020069347694516182
        ],
        [
          0.0,
          0.0,
          0.0,
          1.0
        ]
      ],
      "w": 960,
      "h": 1280,
      "fl_x": 964.35791015625,
      "fl_y": 964.35791015625,
      "cx": 481.8816833496094,
      "cy": 633.7673950195312,
      "camera_model": "PINHOLE"
    },
    {
      "file_path": "images/000005.jpg",
      "transform_matrix": [
        [
          -0.018438097089529037,
          0.9703347086906433,
          -0.24106164276599884,
          0.4243096113204956
        ],
        [
          -0.9540607929229736,
          0.05503787472844124,
          0.2945147156715393,
          -0.07244191318750381
        ],
        [
          0.29904529452323914,
          0.23541785776615143,
          0.9247433543205261,
          -0.020226504653692245
        ],
        [
          0.0,
          0.0,
          0.0,
          1.0
        ]
      ],
      "w": 960,
      "h": 1280,
      "fl_x": 965.3218994140625,
      "fl_y": 965.3218994140625,
      "cx": 481.93829345703125,
      "cy": 633.7607421875,
      "camera_model": "PINHOLE"
    },
    {
      "file_path": "images/000006.jpg",
      "transform_matrix": [
        [
          -0.085489921271801,
          0.9654862284660339,
          -0.24602451920509338,
          0.9313541650772095
        ],
        [
          -0.8905868530273438,
          0.03666023537516594,
          0.45333343744277954,
          -0.14090204238891602
        ],
        [
          0.4467064142227173,
          0.2578616440296173,
          0.8567151427268982,
          -0.06890523433685303
        ],
        [
          0.0,
          0.0,
          0.0,
          1.0
        ]
      ],
      "w": 960,
      "h": 1280,
      "fl_x": 964.8616943359375,
      "fl_y": 964.8616943359375,
      "cx": 481.75384521484375,
      "cy": 633.802734375,
      "camera_model": "PINHOLE"
    },
    {
      "file_path": "images/000007.jpg",
      "transform_matrix": [
        [
          -0.06537267565727234,
          0.9327211976051331,
          -0.35462310910224915,
          1.0736602544784546
        ],
        [
          -0.9457311630249023,
          0.05545031651854515,
          0.32018402218818665,
          -0.04464273527264595
        ],
        [
          0.3183063864707947,
          0.3563094139099121,
          0.8784786462783813,
          0.07655047625303268
        ],
        [
          0.0,
          0.0,
          0.0,
          0.9999998807907104
        ]
      ],
      "w": 960,
      "h": 1280,
      "fl_x": 965.668212890625,
      "fl_y": 965.668212890625,
      "cx": 481.753662109375,
      "cy": 634.0034790039062,
      "camera_model": "PINHOLE"
    },
    {
      "file_path": "images/000008.jpg",
      "transform_matrix": [
        [
          -0.04319838806986809,
          0.9800266623497009,
          -0.19411802291870117,
          0.9613136053085327
        ],
        [
          -0.9574435353279114,
          0.014889288693666458,
          0.2882365882396698,
          -0.1675594449043274
        ],
        [
          0.28536978363990784,
          0.19830837845802307,
          0.9376767873764038,
          0.09755971282720566
        ],
        [
          0.0,
          0.0,
          0.0,
          1.0
        ]
      ],
      "w": 960,
      "h": 1280,
      "fl_x": 961.9019775390625,
      "fl_y": 961.9019775390625,
      "cx": 481.67401123046875,
      "cy": 633.771484375,
      "camera_model": "PINHOLE"
    }
  ],
  "patrune": {
    "source_capture_dir": "/Users/rufuslee/Documents/GitHub/backend/SpatialCapture_2026-01-15T02-30-04.724Z",
    "every_n": 1,
    "max_frames": null,
    "image_max_size": 1280,
    "normalize": {
      "enabled": true,
      "center": [
        0.10652585327625275,
        -0.0248421523720026,
        -0.016274772584438324
      ],
      "scale": 0.10656318813562393
    }
  }
}