{"savedImageH":1280,"orientation":"portrait","cameraTransform_cw_4x4":[0.1263815,-0.9581455,0.25687543,0,0.8096512,-0.0499825,-0.5847793,0,0.5731428,0.28188482,0.7694467,0,0.012692161,-0.0078075775,-0.016340978,0.99999994],"savedImageW":960,"imageFile":"frame_000000.jpg","intrinsics3x3":[1442.3661,0,0,0,1442.3661,0,968.2765,722.1285,1],"timestamp":449374.531894833,"imageResolutionW":1920,"savedIntrinsics3x3":[961.5774,0,0,0,961.5774,0,481.419,633.8157,1],"imageResolutionH":1440}
{"savedImageH":1280,"orientation":"portrait","cameraTransform_cw_4x4":[0.136807,-0.9618665,0.23684804,0,0.8954055,0.017803956,-0.4448958,0,0.42371345,0.27293992,0.86369604,0,0.013186725,-0.006641751,-0.013333198,1],"timestamp":449375.782354708,"imageFile":"frame_000001.jpg","savedImageW":960,"intrinsics3x3":[1441.6794,0,0,0,1441.6794,0,968.3923,722.0778,1],"imageResolutionW":1920,"savedIntrinsics3x3":[961.1196,0,0,0,961.1196,0,481.38522,633.7385,1],"imageResolutionH":1440}
{"imageResolutionH":1440,"intrinsics3x3":[1441.6759,0,0,0,1441.6759,0,968.3939,722.46045,1],"cameraTransform_cw_4x4":[0.1273185,-0.9587188,0.25426078,0,0.9586504,0.05316311,-0.27957702,0,0.25451845,0.27934253,0.9258447,0,0.017909028,-0.011627295,-0.020314746,1],"imageFile":"frame_000002.jpg","savedImageW":960,"imageResolutionW":1920,"timestamp":449376.582648916,"orientation":"portrait","savedIntrinsics3x3":[961.1173,0,0,0,961.1173,0,481.64032,633.7374,1],"savedImageH":1280}
{"intrinsics3x3":[1444.2916,0,0,0,1444.2916,0,968.38635,722.6874,1],"savedImageW":960,"orientation":"portrait","imageResolutionW":1920,"imageResolutionH":1440,"timestamp":449376.982795833,"imageFile":"frame_000003.jpg","savedImageH":1280,"savedIntrinsics3x3":[962.8611,0,0,0,962.8611,0,481.7916,633.74243,1],"cameraTransform_cw_4x4":[0.09974505,-0.9609387,0.25816247,0,0.9913348,0.07368429,-0.108747974,0,0.08547764,0.2667725,0.9599615,0,0.042842664,-0.021042231,-0.022027101,1]}
{"imageResolutionH":1440,"intrinsics3x3":[1446.5369,0,0,0,1446.5369,0,968.34894,722.8225,1],"cameraTransform_cw_4x4":[0.062955655,-0.9533731,0.29515502,0,0.9944156,0.08502201,0.0625217,0,-0.084701195,0.28957072,0.95340157,0,0.08468153,-0.03174437,-0.018413426,1],"savedImageW":960,"imageFile":"frame_000004.jpg","timestamp":449377.482979708,"imageResolutionW":1920,"orientation":"portrait","savedIntrinsics3x3":[964.3579,0,0,0,964.3579,0,481.88168,633.7674,1],"savedImageH":1280}
{"imageResolutionH":1440,"intrinsics3x3":[1447.9828,0,0,0,1447.9828,0,968.35895,722.9074,1],"cameraTransform_cw_4x4":[-0.018438097,-0.9540608,0.2990453,0,0.9703347,0.055037875,0.23541786,0,-0.24106164,0.29451472,0.92474335,0,0.15174164,-0.032561794,-0.018430173,1],"imageFile":"frame_000005.jpg","savedImageW":960,"imageResolutionW":1920,"timestamp":449377.899799375,"orientation":"portrait","savedIntrinsics3x3":[965.3219,0,0,0,965.3219,0,481.9383,633.76074,1],"savedImageH":1280}
{"intrinsics3x3":[1447.2925,0,0,0,1447.2925,0,968.2959,722.63074,1],"savedImageW":960,"orientation":"portrait","imageResolutionH":1440,"imageResolutionW":1920,"timestamp":449379.016876166,"imageFile":"frame_000006.jpg","savedImageH":1280,"savedIntrinsics3x3":[964.8617,0,0,0,964.8617,0,481.75385,633.80273,1],"cameraTransform_cw_4x4":[-0.08548992,-0.89058685,0.4467064,0,0.9654862,0.036660235,0.25786164,0,-0.24602452,0.45333344,0.85671514,0,0.20577392,-0.039857123,-0.023617534,1]}
{"imageResolutionH":1440,"intrinsics3x3":[1448.5023,0,0,0,1448.5023,0,967.9948,722.6305,1],"cameraTransform_cw_4x4":[-0.065372676,-0.94573116,0.3183064,0,0.9327212,0.055450317,0.3563094,0,-0.3546231,0.32018402,0.87847865,0,0.22093852,-0.029599424,-0.00811731,0.9999999],"savedImageW":960,"imageFile":"frame_000007.jpg","timestamp":449379.483714125,"imageResolutionW":1920,"orientation":"portrait","savedIntrinsics3x3":[965.6682,0,0,0,965.6682,0,481.75366,634.0035,1],"savedImageH":1280}
{"savedImageW":960,"savedImageH":1280,"orientation":"portrait","timestamp":449381.184337625,"cameraTransform_cw_4x4":[-0.043198388,-0.95744354,0.28536978,0,0.98002666,0.014889289,0.19830838,0,-0.19411802,0.2882366,0.9376768,0,0.2089665,-0.04269782,-0.005878499,1],"imageResolutionW":1920,"intrinsics3x3":[1442.8529,0,0,0,1442.8529,0,968.3428,722.511,1],"imageFile":"frame_000008.jpg","savedIntrinsics3x3":[961.902,0,0,0,961.902,0,481.674,633.7715,1],"imageResolutionH":1440}
